3.179946732097333473e-01 1.909015619226521465e-01 9.286743139905004885e-01
2.099679646865698912e-01 9.695155532216509497e-01 1.263053675292361844e-01
5.421638511607104194e-01 8.398218488115374303e-01 2.752491150500143910e-02
9.400674857930778616e-01 3.367127827448486710e-01 5.382958378904196400e-02
9.912689255986096848e-01 1.079492861738363813e-01 7.571571010785946299e-02
1.364913796606520846e-01 1.534524073679448819e-01 9.786840460288060983e-01
7.805728033904771879e-01 5.288870867382132746e-01 3.331434347074803126e-01
4.219322796867448766e-02 9.990614299887822236e-01 9.797480408402788055e-03
7.756804981983130842e-01 6.014048001084154604e-01 1.913949610657856570e-01
9.097387436272372785e-01 4.146942660377943013e-01 2.010184217705008464e-02
6.030822230837489251e-01 2.966802027702449829e-01 7.404543804209477997e-01
5.571081518978218128e-01 2.331851372163365188e-01 7.970289824532051925e-01
7.998465041498419303e-01 2.060123311997518469e-01 5.637415091980727544e-01
4.098913703339747139e-01 3.670561797286258643e-01 8.350202545140824606e-01
8.461491946631306549e-01 1.498631373137510603e-01 5.114416686636071852e-01
5.554349299292090647e-01 7.376036116655653174e-01 3.839699866818347962e-01
2.759143557529066260e-01 9.377393129561967244e-01 2.109887419411249077e-01
3.441200748028488965e-01 7.008016463900003101e-01 6.248667270184472544e-01
1.376099879035065920e-01 1.857935356320238041e-01 9.729050587526764104e-01
9.676973078042835352e-01 2.274214656989102801e-01 1.088181850965220104e-01
5.124039346650118842e-01 8.319092381453326024e-02 8.547054919296462883e-01
7.691456714870438249e-01 5.970906630985054475e-01 2.278106144878490336e-01
4.908685912074391422e-01 8.712334653089229830e-01 5.244919728211305939e-04
8.026346847273949647e-01 5.684670446758742779e-01 1.806177787207916552e-01
4.534463997109476341e-01 9.345606811852670559e-02 8.863703097018790222e-01
9.484920307150502827e-01 6.806864870947396118e-02 3.094018854708327493e-01
6.084959689852010856e-01 3.406343402686720645e-01 7.167293087062142076e-01
7.153224076416546673e-01 6.193845402771513964e-01 3.235377016537767658e-01
8.691448877491406155e-02 9.755781836481264291e-01 2.017252567994845536e-01
2.776232495626218544e-01 9.465572004686428897e-01 1.641791629387107376e-01
5.706122013615725352e-01 4.247188774193846189e-02 8.201206340587562371e-01
6.027175810634909370e-01 7.960390352797750424e-01 5.525732338631227092e-02
1.377959360373112452e-01 8.381368929330641482e-01 5.277677791568092802e-01
3.362210138580595253e-01 4.777200100205653555e-01 8.116273910275634274e-01
9.804738405303364823e-01 9.186931067868339684e-02 1.738708652739611171e-01
7.979749751438209859e-01 2.086574180953878338e-02 6.023292786034528667e-01
7.603254973243719350e-01 6.035831385383551018e-01 2.399844432262958627e-01
6.400290175648616353e-01 7.022898114406811443e-01 3.116919591865831562e-01
2.555486752526878180e-01 3.664534916092374028e-01 8.946545216249650601e-01
8.519390696709606692e-01 4.771187720263204701e-01 2.157718678333069851e-01
6.736438651484407680e-01 1.073377501956167268e-01 7.312199055898387368e-01
4.068883215686442956e-01 9.097934342066340552e-01 8.196219156141870688e-02
7.053610409755352029e-01 4.108906312908965353e-01 5.776111936166732352e-01
3.798980860406201421e-01 8.932153915541308775e-01 2.405071901492228381e-01
7.278768560978116087e-01 6.598065116433244892e-01 1.866832867458496914e-01
6.531358975019682100e-01 2.117449122857859301e-01 7.270334184309433789e-01
4.158355729069167506e-01 2.672143289891268925e-01 8.692970025762583042e-01
6.645553691052394907e-01 5.340323261622202944e-01 5.226620667383150565e-01
9.793254842871007559e-01 3.981823400282900882e-02 1.983333155743927656e-01
8.391846467615708960e-01 5.335208495272120155e-01 1.054733699064338420e-01
7.215472897798690388e-01 1.751640072547973326e-01 6.698410850147721307e-01
3.425535980649640488e-01 6.632837303457183031e-01 6.653658583902660739e-01
9.660107367547040580e-01 2.552434874814606958e-01 4.091477206261071725e-02
5.434064527127558941e-01 8.264742832664293548e-01 1.471383235237554432e-01
3.076299806923063831e-02 9.913294703109464256e-01 1.277478737310755730e-01
7.407157311204436156e-02 9.919886444937912051e-01 1.023324545394955626e-01
4.625385555983912295e-02 3.234767424384529799e-01 9.451049560484043877e-01
3.575085339267512485e-01 3.649043599690001138e-01 8.596699693749685345e-01
4.947782881692920354e-01 8.383807681858381766e-01 2.287184581366112635e-01
9.628565983222034941e-01 2.680505434404436560e-01 3.249734187095841553e-02
7.225592440240108383e-01 6.683678176554163075e-01 1.766142666886965917e-01
9.202746088954327774e-02 9.151730304479509526e-01 3.924146668805051918e-01
7.449436780130128111e-02 9.898832590890759286e-01 1.207548033871676668e-01
6.325979950352978998e-01 5.976081738415894851e-01 4.926299292928129625e-01
3.267784178474418821e-01 3.994735902029777352e-01 8.565259577849734240e-01
8.225339333470501613e-01 5.654642411777796029e-01 6.072989743008012226e-02
7.938595961403829837e-02 9.019070840730352145e-01 4.245721153291079908e-01
8.173494052921538300e-01 5.632130423187661217e-01 1.213714077969019617e-01
6.927543497842753029e-01 1.318112696352755353e-01 7.090255284911133327e-01
8.278213078683781534e-01 5.107390732842248537e-01 2.320721466696489266e-01
2.073547684006566416e-01 6.321006863328992864e-01 7.466275660320799146e-01
1.089111151744084766e-01 7.118295294831979980e-01 6.938566782464484772e-01
2.016190030581746506e-01 2.290367839607077294e-01 9.523087362818656310e-01
4.723432327153241905e-01 7.317231005737331317e-01 4.913992008487597096e-01
3.540453191299538505e-01 7.278230199163407965e-01 5.873036384035325019e-01
5.313759038070530183e-01 4.138084755594321762e-01 7.391902288372164120e-01
5.453255245162613729e-01 1.409219683271114576e-01 8.262935744357914336e-01
5.543180982541060647e-02 3.458436256286698263e-01 9.366533516042612195e-01
6.043196425064710775e-01 7.210094095258499092e-01 3.390327433391003287e-01
4.940542722788570096e-01 2.260314148875838536e-01 8.395356904425957945e-01
6.987077787658427797e-01 7.102369363601249708e-01 8.585414446539929578e-02
9.730707760898110736e-01 1.348273224894734612e-01 1.869621828881236902e-01
4.100066433335656235e-01 2.129962953603899145e-01 8.868636482487551875e-01
3.420646290804392753e-01 2.506335194872265082e-01 9.056349311071805186e-01
2.520516405354062406e-01 2.369266562953378508e-01 9.382620796132181695e-01
7.697989921670510549e-01 1.477371642952798048e-01 6.209534941882380865e-01
2.597099173635769934e-02 9.620657851811804662e-01 2.715785937292347074e-01
5.948110372390050804e-01 6.970294097097674557e-01 4.004370512056945608e-01
4.012254021144029958e-01 9.110053141821378153e-01 9.532834956108304780e-02
6.817153503666221193e-01 4.792573882702114707e-01 5.527897763733782277e-01
1.029059996348220471e-02 3.693697274603254810e-01 9.292255420447053105e-01
9.347917051499872176e-01 3.050892905687582202e-01 1.818928056934388526e-01
7.968407317182697458e-01 5.936371976617822455e-01 1.124265352439478283e-01
7.162414145549956812e-01 2.770263209296072726e-01 6.405112439204053709e-01
1.400123423879819362e-01 5.834263167033887365e-01 8.000064230723075154e-01
5.798944009129015573e-03 8.774361103314615162e-01 4.796584665517480417e-01
9.682214725830258495e-02 6.527734642042222202e-01 7.513403198492082380e-01
1.576431869335038760e-01 2.167104329097516713e-01 9.634236938551574703e-01
9.800937844599285631e-01 1.978280143374692712e-01 1.674068117817439916e-02
9.521371476628693875e-01 1.566661823594013569e-01 2.624701113371692429e-01
6.409623709951969284e-01 5.670928726195242353e-01 5.172745042937566540e-01
3.140883655300686361e-01 6.939419293798400057e-01 6.479144212681450243e-01
5.706022959042784670e-01 5.075339287571738467e-01 6.456177902358903875e-01
8.989060338011020113e-01 1.918596583422082780e-01 3.939007665602887731e-01
8.405986398979339302e-01 6.619896732082243551e-02 5.375980127636262873e-01
6.284600019084903844e-01 7.130192109910253873e-01 3.108723705299586970e-01
1.582045052190749201e-01 8.141635198974508381e-01 5.586672510507313394e-01
4.262947945414246043e-01 7.234453058809171555e-01 5.430466255725659996e-01
2.206231092740052191e-01 4.824139198198909573e-01 8.477041073501284663e-01
5.038941290624053826e-01 1.261744397942462237e-01 8.545002735160756036e-01
4.908115037994159602e-02 9.293889734778819633e-01 3.658239694923101637e-01
5.208357349372619849e-01 7.656696951229408077e-01 3.774653032832354094e-01
1.112693387114356974e-01 3.197441070477798908e-01 9.409478414189266227e-01
2.424843915278684925e-01 2.718374260095604011e-01 9.312925070491312463e-01
8.154966946974605280e-02 3.780830653600807389e-01 9.221728943627112152e-01
5.166350973283829751e-01 7.958668385188455430e-01 3.157279708142914365e-01
5.410768501563051336e-01 1.977585809044642984e-01 8.173905956784576210e-01
7.161822842451553983e-01 6.305243879057602641e-01 2.992021590655019603e-01
6.497440899218132060e-01 5.905896447022467299e-01 4.785775686157349718e-01
1.940207030999550053e-01 3.027334172887304331e-01 9.331175943177186793e-01
8.508065787792411516e-01 5.223554355166916130e-01 5.720982863224148562e-02
1.619485976427828267e-01 9.654471107778301864e-01 2.041678917270691451e-01
7.144625263410485649e-01 3.102299078731854398e-02 6.989856024962005643e-01
3.609180884396467892e-01 6.029556093094405878e-01 7.114651549017370069e-01
2.347314137643453646e-01 9.478332962763037495e-01 2.156692047145076785e-01
4.385904238970881469e-02 9.978036989916488908e-01 4.964033319026479180e-02
5.332207250459162218e-01 8.455819424740451673e-01 2.582318615755919283e-02
6.302148336185461885e-02 4.198785872914822526e-01 9.053895650873057255e-01
5.806285104482739046e-01 7.550188610703714165e-01 3.046589113789680558e-01
6.888740734769499552e-01 5.384983662943134686e-01 4.852545933730347261e-01
9.882259952870654507e-01 1.007745093342415355e-01 1.151254989449851107e-01
2.748048759584039713e-01 1.860428360875235609e-01 9.433293927838765081e-01
9.690355023296534087e-01 2.457751065427137005e-01 2.376535774260621348e-02
8.752189323910704033e-01 1.874413393060657684e-01 4.459344847658489042e-01
5.772014502618381115e-01 5.237373707203534234e-01 6.265282534144505089e-01
1.184025424232177520e-01 4.939569480387659972e-01 8.613868883561822676e-01
3.352491932878925440e-01 4.922882405021891672e-01 8.032809388147311713e-01
3.587301718528396188e-02 7.709622032421813431e-01 6.358698041344517105e-01
2.019768677790960698e-01 4.317521244150900328e-01 8.790878499588093975e-01
8.788537514010197338e-01 4.461332631632388690e-01 1.690597383994040248e-01
3.855368330975960101e-01 1.040647345774439181e-01 9.168052581341374907e-01
6.180208001754024932e-02 3.159844354481719519e-01 9.467493540848104239e-01
6.775683478314914465e-01 1.077436880697607430e-01 7.275248667214263554e-01
8.475027370630355827e-01 4.738412300725950987e-01 2.391936440500727068e-01
5.582235171413734570e-02 4.817628701769926525e-01 8.745218133173862096e-01
9.587515935774254539e-03 5.917434134587977734e-01 8.060693594017276364e-01
9.691519022228181068e-01 1.467109600710475581e-01 1.980416234353903626e-01
5.362199917723269316e-01 7.127228555867626270e-01 4.522104062800150204e-01
6.784857585853684148e-01 8.477711477665439421e-02 7.297053625998531912e-01
9.400013511215072892e-01 2.411617193742352505e-01 2.413265111797776030e-01
6.871091784816979464e-01 7.106832049745044344e-01 1.510309869310688391e-01
8.954639698755592625e-02 3.776302995725530631e-02 9.952664951433835006e-01
1.028085755735192452e-01 9.838654129760744382e-01 1.464214667935079817e-01
4.090712418339993717e-02 5.905009678329182776e-01 8.059995125181099729e-01
8.925222788556276265e-01 3.153044833812032044e-01 3.224702536763193739e-01
1.890476668133947435e-01 7.632140238164477619e-01 6.178716157279910970e-01
8.612418183611861844e-01 3.374043031303053386e-01 3.800274549753880904e-01
5.528145730990550316e-02 7.924402806133131749e-01 6.074391839017191375e-01
4.596977271436199497e-01 8.880171846740009256e-01 1.017248163680910429e-02
6.958754217307795420e-01 1.270461694912198014e-01 7.068356727334988987e-01
2.320190417884147593e-01 2.113398029312112958e-01 9.494749348690477708e-01
6.805810780350436684e-02 9.298932022183483692e-01 3.614785283115894976e-01
9.280323276216426720e-01 3.511396761438135838e-01 1.243258892056430809e-01
7.898483900886698050e-01 5.228960402829374576e-01 3.204984426339091419e-01
9.685636798088129717e-01 1.529793262772926599e-01 1.961675913267968141e-01
5.765732209881422321e-01 4.390291478089122790e-01 6.890694654485417514e-01
6.305720335540681010e-01 7.679695607883418873e-01 1.122571343035646263e-01
1.072837916680399045e-01 8.507535250017574935e-01 5.144984234595988415e-01
2.398166023241521672e-01 9.699466653335855337e-01 4.112740762505090464e-02
8.977154779209614577e-02 9.078523380583561897e-01 4.095670903392844009e-01
2.814807161238450650e-01 5.384754567797226388e-01 7.942372371629753403e-01
7.294127506560942331e-01 3.667356121159523474e-01 5.774617130046360014e-01
6.213807179422049520e-01 6.665623242963775175e-01 4.118017377309630689e-01
9.773583281207685047e-01 1.725392485330760894e-01 1.224781865011790039e-01
8.881306378107818311e-01 2.351990186433756680e-01 3.948485682017940923e-01
1.439220988288108724e-02 8.676196046253010774e-01 4.970202067969906046e-01
2.495146204955352998e-01 4.749953106121576063e-01 8.438731593405662812e-01
2.865330681274157465e-01 6.028813451294401382e-01 7.446025010463011018e-01
6.455491520646700065e-01 1.050654801832650448e-01 7.564572275697057924e-01
1.699879350694919744e-01 3.086967548954210327e-01 9.358474317151522781e-01
4.152943867995245730e-01 3.233803844846241948e-01 8.502680161122040392e-01
9.304425690092852363e-01 2.713700828846355995e-01 2.462415559782456520e-01
5.941053284085351383e-01 6.788012543521616537e-01 4.315874370814313243e-01
9.606120189377767016e-01 2.774514675498914729e-01 1.565989229529135898e-02
5.783828949700949851e-01 1.527745499213545854e-01 8.013321182271053722e-01
4.298724842180208505e-02 6.928271421050732348e-01 7.198212608944243307e-01
3.128185954759044596e-01 9.463276785884284781e-01 8.129238009751306449e-02
2.596519039276156682e-01 9.253742789986653117e-01 2.761581658297733166e-01
7.556107197362084138e-01 3.449542156285713423e-02 6.541119981401731787e-01
4.480928476060311860e-01 3.897325562359799100e-01 8.045628219934641834e-01
9.293163103363107913e-01 1.050474977589337666e-01 3.540285561328245789e-01
7.317274911778833824e-01 4.505615923965593517e-01 5.114382955074808779e-01
5.019511262933276097e-01 6.370327425398701893e-01 5.850079928898334058e-01
2.878350000130905917e-01 8.435733143694250646e-01 4.533597644820803185e-01
6.601504361878903770e-01 5.612223598551575598e-01 4.992302719182262760e-01
7.584355387048523633e-01 5.338087421922670384e-01 3.739301544253820775e-01
2.635561287760027072e-01 7.835636437051802794e-01 5.626421449270114783e-01
3.562278381915701675e-01 7.042474375307987700e-01 6.141150332215165042e-01
4.259761190300383471e-01 6.965091697330737519e-01 5.774247331850712595e-01
4.218094547690388191e-02 9.857659943357373056e-01 1.627457288224476717e-01
7.107560726690669295e-01 6.624340879097383450e-01 2.366577366984590480e-01
6.718935188724682872e-01 7.022571628490265061e-01 2.353592499231932089e-01
4.549285539914507681e-01 7.899474516546154401e-01 4.111241106863314787e-01
8.663577596234015576e-01 3.120221204396807502e-01 3.899569574922926996e-01
8.528061825728384671e-01 2.554724495066462708e-01 4.554727681306715570e-01
9.653044433929208745e-01 2.536384984379241869e-01 6.208738741514490539e-02
1.314740086213123382e-01 5.339493700549414745e-01 8.352320966503706812e-01
3.068134968353432579e-01 9.470129750025909621e-01 9.503632640422672584e-02
7.420779784593809492e-01 6.694095725236492989e-01 3.480083475067267257e-02
7.815365082381355855e-01 4.043443838625221387e-01 4.750855770593124250e-01
6.673921540262984786e-01 1.688484080209042351e-02 7.445150199258746548e-01
3.724726211407477505e-01 3.247833433142995330e-01 8.693560412202395726e-01
2.987861395018467370e-01 2.180525379806906305e-01 9.290747728368058400e-01
9.364961273829826294e-02 4.158487189089749569e-01 9.045991338796047776e-01
6.562728239653834450e-01 2.959521085565455234e-01 6.940593130024520496e-01
7.512282801302776480e-01 6.424146753813010369e-01 1.515237802697743663e-01
6.640103810474389245e-01 1.689932983998457816e-01 7.283759187103702182e-01
6.659043232137328294e-01 7.287339321794695790e-01 1.597444472133816851e-01
7.811726790225513584e-02 2.270191972870960195e-01 9.707522735067943831e-01
9.383151356263240706e-01 1.234690271891818319e-01 3.229862312537642444e-01
3.705663580138877089e-01 9.287949812872411393e-01 4.522946380018866980e-03
1.050696961044502581e-01 2.762992812949872090e-01 9.553109787479634463e-01
2.986985097738663053e-01 6.708887386962840704e-01 6.787396412096323717e-01
9.646667640888293427e-01 2.429122227219407681e-01 1.020376710566882339e-01
5.478051352023078913e-01 6.117025193266669714e-01 5.707272217928540670e-01
2.328159698316766696e-02 3.970305248107749985e-01 9.175100705770995457e-01
5.516366715169332968e-01 6.254666680681797430e-01 5.518047025655077320e-01
7.612925231581860741e-01 3.615362195996825734e-01 5.382613269602534167e-01
2.620061434498675568e-01 9.358744932972387076e-01 2.355667922058714003e-01
3.331335131940207361e-01 9.006103463611146998e-01 2.791470336835449872e-01
1.434557053522513351e-02 9.902014298163365202e-01 1.389076419629312609e-01
6.628383094928665953e-01 7.482811172346995887e-01 2.684669548806167469e-02
8.399266640585634214e-01 5.363972667057813615e-01 8.246921409847529638e-02
9.298178375256452854e-01 2.840930302801065177e-01 2.339443078285926292e-01
6.418156710226280426e-01 3.309709032456000233e-01 6.917592830129315473e-01
5.090110776924072766e-01 7.590151824509796530e-01 4.059601896680512523e-01
3.172070082938526214e-01 9.365500285467439623e-01 1.491769349408834378e-01
1.114558299896286492e-01 4.605065559283099685e-01 8.806311997132336700e-01
8.671788777082367616e-01 3.307750623026316505e-01 3.722749685586891899e-01
6.624544666358022083e-01 5.833009366839934096e-01 4.700149964605925268e-01
8.720214205015911491e-01 4.538858632531905801e-01 1.832109858204284958e-01
2.039179669712397336e-01 9.643927306350701389e-01 1.684165189182745825e-01
2.479097577670727748e-01 7.352196925217802104e-01 6.308666703290404243e-01
3.310557490623658450e-02 9.930529918419732649e-01 1.129149073587433355e-01
4.505447793566552117e-01 1.176862917261769503e-01 8.849629023491346613e-01
3.471117304654781632e-01 9.272180645833479895e-01 1.406417693417265913e-01
5.100190814980051224e-01 6.976890352746175639e-01 5.031009307937172048e-01
3.368089245984304259e-01 7.894982366293068488e-01 5.130811657721064956e-01
6.561087445314237598e-01 2.910713165127197244e-01 6.962749486036038382e-01
9.327614714789232986e-01 3.479328080495311948e-01 9.433344267671808780e-02
8.983897580878962286e-01 3.519251057625102375e-01 2.627633203033049591e-01
5.321610514339456532e-01 6.529488478840680399e-01 5.389456534601477777e-01
1.911565157943136140e-01 2.800035967676132720e-01 9.407747723374485505e-01
7.872837863206585407e-01 4.942595930442090224e-01 3.686349067578658656e-01
4.563924911979433952e-01 3.809901565677611401e-01 8.040848180239493770e-01
7.508127353751380406e-01 6.076530891025044845e-01 2.589168972907844868e-01
7.385292692585575525e-01 6.298211281075991597e-01 2.406239078680504628e-01
2.517017514535155875e-01 7.362448352081894798e-02 9.650003439074648082e-01
2.614109380448476627e-01 7.096126296560436586e-01 6.543043919332556246e-01
5.407460711920261121e-01 7.840887385805226373e-01 3.046285221734711390e-01
8.578920402547275392e-01 4.517222928996587616e-01 2.448840896527491318e-01
7.992579647989610514e-01 5.954363211110098586e-01 8.150026507447082069e-02
4.673077670455033639e-01 8.301278512588728953e-01 3.041565409838694056e-01
6.972078738203442427e-02 5.031942591769237305e-01 8.613562267367758096e-01
2.363224280293912682e-01 6.346023280645896048e-01 7.358203552670286030e-01
8.858904862041774853e-02 2.067262574206006065e-01 9.743799233140021387e-01
6.368211769360022645e-01 6.029343834968738935e-01 4.805506402067211691e-01
9.559707679801410229e-01 2.277652857524012364e-01 1.850482784939814773e-01
6.837698797437020692e-01 6.902530641593486171e-01 2.366631762102273662e-01
5.616732863017837724e-02 2.772420197791253260e-01 9.591569702938829156e-01
3.985710026210692036e-01 7.531979941071607065e-01 5.232914460819945157e-01
9.473152106708138120e-01 3.125751816401896588e-01 6.993316419492298652e-02
5.067673625797938231e-01 6.595742385509735239e-01 5.551113978867875387e-01
8.517694223440606116e-01 2.469201102695862959e-01 4.620814974700031552e-01
1.663198632499143237e-01 9.744420449604188628e-01 1.509980268145468818e-01
8.518817208337291502e-01 1.160569621158732793e-02 5.236056163992214296e-01
6.842767610733891948e-01 7.067275638700812879e-01 1.797260824732243578e-01
2.110579035301111961e-01 4.477247715168797826e-01 8.689056855192235362e-01
4.616463642170663961e-01 8.853476479300820268e-01 5.515593086727171857e-02
5.825844879643528040e-01 5.967239041284084361e-02 8.105766590555950613e-01
9.873591013750027123e-01 1.511344294222135010e-01 4.775342055988363726e-02
3.998798181567403964e-01 7.691831790257867840e-02 9.133343875065529360e-01
4.978491595158964778e-01 3.973675586869333531e-01 7.708730360263627013e-01
4.645172833059813544e-01 8.082810240443916161e-01 3.618086230036263173e-01
4.814856559379245837e-01 8.596165379256494044e-01 1.709706724872632477e-01
8.229072770100924750e-01 5.194973712769556107e-01 2.301001840072444959e-01
9.567906575952794812e-01 1.388455222794264809e-01 2.554869047159677997e-01
3.176287825572622903e-01 4.324139844212346317e-02 9.472286619143029940e-01
5.118120709605559204e-01 6.278408371664174759e-01 5.863994263343365043e-01
4.289791839879491531e-01 4.366178823742835613e-01 7.907854857646475777e-01
7.809799848863941962e-01 5.603835220027084674e-01 2.757545493272731130e-01
1.602407380307595552e-01 8.831008988180630848e-01 4.409713237639003025e-01
5.811637139775496230e-01 5.308621688742716227e-01 6.167933975116183243e-01
3.674015222719358847e-02 7.244462302753854610e-01 6.883515240442965588e-01
7.548236018672510594e-01 1.450604893234767878e-01 6.396864735957631387e-01
8.646127145093577271e-01 4.566491937921761113e-01 2.095623241847524021e-01
1.704082358826058685e-01 9.070599983533614852e-01 3.849716775693742266e-01
5.968708237329191091e-01 7.934969278022542261e-01 1.187764511372961795e-01
9.898152074510824239e-01 2.133881981734976271e-02 1.407498130278450887e-01
1.056827535543814964e-02 6.048913505079410724e-01 7.962378825682000505e-01
6.555492283176493906e-01 3.215166535419102245e-01 6.832878242346672737e-01
1.615271016173300545e-01 9.844575468310642341e-01 6.893717379228446462e-02
2.696265244896334790e-01 1.884687744775590257e-01 9.443416004489944005e-01
2.702948731019926831e-01 1.692986634211054719e-01 9.477756296395285496e-01
6.129388115240502755e-01 6.149854089069239915e-01 4.960836221435536708e-01
8.128369825036637630e-01 5.791761527612097060e-01 6.205661888197488291e-02
2.388851266652211314e-01 6.729165524761802075e-01 7.000837161809390086e-01
1.303911541048209145e-02 2.903368549091536188e-01 9.568356662200532270e-01
9.607433334109889422e-01 1.123900173096523264e-01 2.536547482612485083e-01
3.820848619943464919e-01 5.364037078761876298e-01 7.525172558894837049e-01
5.281042009212291166e-01 6.792677422526658404e-01 5.096089552826914559e-01
9.256391932510764364e-02 2.508426210278613677e-01 9.635921856859610557e-01
3.884168505442259778e-01 7.107731078837098426e-01 5.864588129806188599e-01
9.030146678496262513e-01 1.167624375178971802e-01 4.134380761774471003e-01
5.184897441845787158e-01 6.960207253682701434e-02 8.522464060786576479e-01
1.715773187101798658e-01 4.424761447697194705e-01 8.802136587294880909e-01
5.411579159243041781e-01 1.407821176367183569e-01 8.290527759957052600e-01
1.955634213781355379e-01 6.208245714642035562e-01 7.591651992057891762e-01
7.704427706256700148e-02 9.876511459016807937e-01 1.364162503919644776e-01
1.428312914969851188e-01 9.800691755073495104e-01 1.380711171449245100e-01
6.665399692824723610e-02 8.010936829067270004e-01 5.948160689662186362e-01
8.959393442272806096e-01 1.528499889746781082e-01 4.170486450475905937e-01
8.499671904278803536e-02 9.910148915952874393e-01 1.032716920958594020e-01
7.771407803150822691e-01 2.197592746211254056e-01 5.897101565932723055e-01
3.720074585255406935e-03 8.768024012456404614e-01 4.808364693063111317e-01
6.085034286392917990e-02 8.068761661118074580e-01 5.875781550858174551e-01
6.165194881063184029e-01 3.822135875083436107e-01 6.883432968433156329e-01
8.631959953788361783e-01 1.543513261843704465e-01 4.806956850930391711e-01
7.568956748489988895e-01 5.445690220780167179e-01 3.613219030004564125e-01
7.447668064703717450e-01 6.581355383571946271e-01 1.103631149035291664e-01
6.286241243881244278e-01 5.479051833804280403e-01 5.519344347493853054e-01
3.182234562154270807e-01 9.261661704633368242e-01 2.023612033063295901e-01
4.203340651906158909e-01 5.461447204556509893e-01 7.246000399936161074e-01
2.497926612827042203e-01 9.013027850034615041e-01 3.539165383452827496e-01
2.203341656362095835e-01 5.673053551588240762e-01 7.934843977429648643e-01
1.598893175349062890e-02 8.949260842256504533e-01 4.459278616928148975e-01
5.190309562610447847e-01 5.023804561988539641e-01 6.915350632268596476e-01
5.016264985125766795e-01 1.883094881284022026e-01 8.443402114496448840e-01
4.325628924297729161e-01 7.168797557765109740e-01 5.467840157233920806e-01
8.191311805519679856e-01 4.374972280459392682e-01 3.709720804853903209e-01
8.430398909183384193e-01 2.055943908233381634e-01 4.970057230881519961e-01
4.062790363283201867e-01 7.156396611314382872e-01 5.681524619816512578e-01
9.474208806920348946e-01 2.136868750507744663e-01 2.381839504663651186e-01
2.835210083221225696e-01 3.756493429844288134e-01 8.823284019883830265e-01
3.840465474368676135e-01 2.181762193758477741e-01 8.971663093878881057e-01
8.470934471633791985e-01 4.128507588524307770e-01 3.346445019536935517e-01
5.541620643922392508e-01 4.802186392884441601e-01 6.799223962103961849e-01
7.919161935268939079e-01 1.960121382214543295e-01 5.783147794235666828e-01
8.082121914493408665e-01 5.104686017833400813e-01 2.936236710246902804e-01
2.902784152858843281e-01 9.346552705115031001e-01 2.053240534476775681e-01
8.874182844339517651e-01 1.994541147797303793e-01 4.155801301190136243e-01
8.006771096499033513e-01 3.941279498659436276e-01 4.511976564845446847e-01
1.572911484307190980e-02 9.789785162020721021e-01 2.033559926853465150e-01
6.970750288248084292e-01 5.478029930725507590e-01 4.625994865644009191e-01
1.296292766985655646e-02 4.293250322851833722e-01 9.030570187754216605e-01
2.335142655108831400e-01 6.636650914760986453e-01 7.106474049477240484e-01
4.683646478609078678e-01 8.832281077656335411e-01 2.329519879430571455e-02
8.452577512466701026e-02 8.899094483441902792e-01 4.482371772703743762e-01
3.453061351142123203e-01 9.267065646637281384e-01 1.482518669752145857e-01
8.405862874362207693e-01 1.303917956206127604e-01 5.257496295852462920e-01
6.932923626055024213e-01 7.010350341667881402e-01 1.670197019026521401e-01
6.799025187582213858e-01 1.670390275759621804e-02 7.331122319392109343e-01
2.935626306004337494e-01 2.330632176537147660e-01 9.270935866954589377e-01
5.174043296017231952e-02 4.011389102436191401e-01 9.145548109794489067e-01
6.049057282521863588e-02 4.507051708089091502e-01 8.906209853834509138e-01
6.087558830391865544e-02 5.524560394348747294e-02 9.966153149503428343e-01
4.869631440244249765e-01 7.097745986092428572e-01 5.090058109009515386e-01
4.709819142252691937e-01 2.610234860017622838e-01 8.426403599568377256e-01
1.692503350906645609e-01 2.947852335518325595e-01 9.404552036920680314e-01
5.939277523137889148e-01 7.806785928341739567e-01 1.943984560688300223e-01
1.524908963822983743e-01 5.763995554679911953e-02 9.866226036560716839e-01
2.944647277846260680e-01 7.804753847384552357e-01 5.514967795990165511e-01
3.910678730225988220e-01 6.508008625660915980e-01 6.507873354428553858e-01
8.880073764737371755e-01 6.188347666959317928e-02 4.556460629079482905e-01
9.394967851642096468e-01 3.404459848078560946e-01 3.797791587652006584e-02
8.323294767376199221e-02 6.291088369301673922e-01 7.728482048357936396e-01
7.296176868502245449e-01 6.180662565017989163e-01 2.926638577091131288e-01
9.847164010988698202e-01 6.906311125648503801e-02 1.598871354126530642e-01
8.094395516144065050e-01 3.581074448628178142e-01 4.653672423109432299e-01
9.527859630565264082e-01 3.024142774224459762e-01 2.728577309711485710e-02
2.817305488681792203e-01 6.159304287860088989e-01 7.357021168447988035e-01
6.361256733094543536e-01 1.839882986778886564e-01 7.493279880707842677e-01
2.272646518768105528e-01 5.868115822871794451e-01 7.771762637271732999e-01
6.864941053169716367e-01 6.341140735785014693e-01 3.558443269952880073e-01
4.741437803592618572e-01 6.554106664641063951e-01 5.878984043452610830e-01
8.256228304666086704e-01 4.228486441330958079e-01 3.735585174602607528e-01
4.367640862944693336e-01 7.580492711266902939e-01 4.843536264627848476e-01
4.183677202064484124e-01 8.942727558852443526e-01 1.588857727131951503e-01
4.261679340304081465e-01 6.166846437815545201e-01 6.618768330499799069e-01
7.243572786349128378e-01 4.077239294675055192e-01 5.559386029303955423e-01
5.599093044249078277e-01 1.473341575545955018e-01 8.153491379992338084e-01
1.667907632204923829e-01 7.046580049356818698e-01 6.896650907392589680e-01
7.384697276002425426e-01 4.466328464317960156e-01 5.051549880049243102e-01
5.058815568957714115e-01 9.256095535780091421e-02 8.576224810112905717e-01
6.764801187234864566e-02 9.142492812519777967e-01 3.994646395113843895e-01
9.006900877446375464e-01 4.210459550210954860e-01 1.071338863242202455e-01
4.727164346014923191e-01 8.293732506949720307e-01 2.977905026848703951e-01
2.950281496185839791e-01 9.528200898310668077e-01 7.136012434793247150e-02
7.712667247830244655e-02 7.610599931355560566e-01 6.440800907037353973e-01
5.807024442537328524e-01 7.104353127354581243e-01 3.975755747731644085e-01
6.027680801903660956e-01 1.993950493425413195e-01 7.726009680302672322e-01
8.187864136998281861e-01 3.224050953649279516e-01 4.750197503507676555e-01
7.245527627351722177e-01 2.005329198067966334e-01 6.594011238135630837e-01
1.103823628596489609e-01 9.213990035113461818e-01 3.726118762168202370e-01
9.475911056187532600e-01 2.903238124601237868e-01 1.333535918933103914e-01
7.932647614967628380e-01 2.860538004182696104e-01 5.374981315630303902e-01
4.767894596402825202e-01 2.067337998090265083e-01 8.543611339430468021e-01
6.173541733193141923e-01 7.113835970142878828e-01 3.358678349950161013e-01
6.335032077452245058e-01 2.135424767401733481e-01 7.436889782726268106e-01
8.548947452580660800e-01 4.918137224202654978e-01 1.651491355389681781e-01
6.758997414496575873e-01 6.333289242000206265e-01 3.769005349955483752e-01
3.411348649309869918e-01 8.267033772651358747e-01 4.474243287383193324e-01
8.177462226865586103e-01 4.646010123856811891e-01 3.397602310042560081e-01
6.115181134740419466e-01 7.394703790626575568e-01 2.814767403926622391e-01
7.770527438914852647e-01 6.114634810321812886e-01 1.493366819462685346e-01
5.975417606272979132e-01 5.823917108249724306e-01 5.511476566844775160e-01
2.293895309910722324e-01 2.609398447191803028e-01 9.377050925049016383e-01
7.022429300764018167e-01 4.727774945774987914e-01 5.322934414199866904e-01
1.816568366031159898e-01 9.462732943073710601e-01 2.675213004529251593e-01
2.086428439056872003e-02 8.896411385996904064e-01 4.561834347583393345e-01
6.158874952432524114e-02 7.628338714419443667e-01 6.436546515895966714e-01
8.570734881243302627e-02 8.501366954211165838e-01 5.195400364341594690e-01
1.699627969234356606e-01 9.246206672938268589e-01 3.408654709340349087e-01
5.679433812898944112e-01 8.229882760861189084e-01 1.142860769295479632e-02
3.504875565794673964e-01 1.951047082640026686e-01 9.160199918649009065e-01
8.444581778991305798e-01 2.784586518437291991e-01 4.575490847905317460e-01
8.244870632882771444e-01 2.854189738012226085e-01 4.886277641155170048e-01
8.158318056157581877e-01 3.751299084763745073e-01 4.401090963752493646e-01
8.540732394797461158e-01 8.314432454448159038e-02 5.134646267276979925e-01
7.518896533474163091e-01 2.532810115432618248e-02 6.588022741923544867e-01
5.444632400050273269e-01 6.960884356934856632e-01 4.679964422696224480e-01
3.866192310866625736e-01 9.212080619993093800e-01 4.360363128725035231e-02
7.461267483396883948e-01 6.341808057425420975e-01 2.027549778421810500e-01
3.498360214891242381e-01 8.551656650817681671e-01 3.825002527239925731e-01
6.437365839516964172e-01 5.568496575570176521e-01 5.249015806423452668e-01
3.298631516870730862e-01 2.685591926613020708e-01 9.050227959538813538e-01
2.832944236923168324e-01 6.170953697467193022e-01 7.341236776878932169e-01
4.074401926333967028e-01 8.874302940119940253e-01 2.155457322626606054e-01
9.276716698164799713e-01 3.131926253609820104e-02 3.720811427821875128e-01
2.594124091963314824e-02 9.082107271350644551e-01 4.177084235879701679e-01
9.291153303142184461e-01 1.176669785411329078e-01 3.505698006618675477e-01
5.942157124185698525e-01 2.159364028707167205e-01 7.747768433750114037e-01
3.707542035875701636e-01 7.034207576080850899e-01 6.064161593231286451e-01
8.600902046731307982e-01 3.447365865995111189e-01 3.760339421981074848e-01
8.264644935212093202e-01 1.500938268897793471e-01 5.426124621479972987e-01
3.162192185995973265e-02 4.404633888289092303e-01 8.972134958632955737e-01
2.214299761650688203e-01 9.241646101013738235e-02 9.707872904966868832e-01
5.394684894766850203e-01 5.794809625611353487e-01 6.108809727688068181e-01
2.887576569551535480e-02 6.645495100278583367e-01 7.466861046498931564e-01
9.702715070592405899e-01 2.753508098141715238e-02 2.404475450162403827e-01
1.536765145968877477e-01 7.531310822423710194e-01 6.396695254752937654e-01
7.605175543186667442e-01 4.181904026097245652e-01 4.967190722513786794e-01
5.147752239634209026e-01 7.847135968597128697e-01 3.452984791407311960e-01
8.484933918622673543e-01 4.966750703326481275e-01 1.826823430880055721e-01
1.885569989461729212e-01 9.731649963010686744e-01 1.318944582715818048e-01
7.454976145416332134e-01 3.619514870865198075e-01 5.596645671369514519e-01
8.931087205250609617e-01 1.015306514212142852e-01 4.382332029229100145e-01
4.949146723017782135e-01 4.197887970126596424e-01 7.608132708116278620e-01
1.754927832931283127e-01 7.907311412339610435e-01 5.864695604162833975e-01
4.918628167129058260e-01 4.748907453444295990e-01 7.297600629806064720e-01
3.331399613695297801e-01 9.371012800005726895e-01 1.042063201538015876e-01
2.065727952596825845e-01 7.783363967971010933e-01 5.928913337868134681e-01
5.455774999586851526e-02 2.149833407865509305e-01 9.750926187289298275e-01
3.089459888853198222e-01 3.004173448714201333e-01 9.023867213407331667e-01
7.828539896907917017e-02 8.008819092639450909e-01 5.936830498860398153e-01
7.395287764819403753e-01 3.317138970118768126e-01 5.857158690733231809e-01
5.191479649182592082e-01 4.874799126206465494e-01 7.020318549130067920e-01
9.458125588024197672e-01 3.224715029273463318e-01 3.808849447533257243e-02
5.051872983551480845e-01 7.276517503521432451e-01 4.640137107781288628e-01
3.523375855797446499e-01 5.447246741578128937e-01 7.610080519623300122e-01
1.293450754206951214e-01 6.383625431293414865e-01 7.587905606910605449e-01
3.523233973424473864e-01 4.299147308499197129e-01 8.312890880333491106e-01
3.477876533064632736e-01 6.266526729749273272e-01 6.973881097788818817e-01
2.071338993096543124e-01 8.427713815066344427e-01 4.968218456048172915e-01
4.902970838931975384e-01 6.848454397798263704e-01 5.390690986678823293e-01
9.258577670908656465e-01 3.540107187091061647e-01 1.321506948773958634e-01
2.255793642473206684e-01 1.125571996936843844e-01 9.677007942659190398e-01
4.713877764565582162e-01 4.746499438043717545e-01 7.433041067112764466e-01
9.202017087616715108e-01 2.945449506563201370e-01 2.578218129541520187e-01
4.101220465809117255e-01 6.862264471753056760e-01 6.007438473304922422e-01
8.763969063549831295e-01 1.511533562921341389e-01 4.572538960064071456e-01
3.201544624374549897e-01 8.502600397165190060e-02 9.435421023091640214e-01
4.107631456785483248e-01 6.186162922505583639e-01 6.697667662062932736e-01
3.620563099156896558e-01 6.663923832009175374e-01 6.517947683604369269e-01
5.126770748753270990e-01 4.524962976800780412e-01 7.296638386840206270e-01
8.409128082021323225e-01 5.373216019469072569e-01 6.442938058691349834e-02
9.330753108142638697e-01 1.329082366940212701e-01 3.342242734568376394e-01
5.432808714076593493e-01 6.034376541482662226e-01 5.837027431137973288e-01
7.349022474473120292e-01 2.415695553463731438e-01 6.336898583902422777e-01
8.696386536762877872e-01 4.868831650051825832e-01 8.169085424103426918e-02
7.056853922319562544e-01 6.814203108461887037e-01 1.940991683565740644e-01
7.157771143020691396e-01 6.077362306330986730e-01 3.439764477653604047e-01
5.381388826008836057e-01 4.426273857017892777e-01 7.172778683745038020e-01
9.973104086502544430e-01 2.146762150660459084e-02 7.007916969193803136e-02
4.427034603251785438e-01 8.102291381366611978e-01 3.841124704177621973e-01
8.595712023164601145e-01 4.932236874839705520e-01 1.336702743804697446e-01
2.783221335011986097e-01 3.154855503998560962e-01 9.071965925268020703e-01
5.491132957629158984e-01 9.699553546235371859e-02 8.301002677488784620e-01
6.807115197311481847e-01 6.638179923571896346e-01 3.098023562340687653e-01
3.946136215275289350e-02 6.895251230875356629e-01 7.231859411853689412e-01
6.551317386892046013e-01 6.498844390750628808e-01 3.852954980403362484e-01
9.048003795421799555e-01 9.921749772236128362e-02 4.141161205821868307e-01
4.608168878216281072e-01 2.229583230015476369e-01 8.590328178263776371e-01
9.022766053836830391e-01 1.950437791977208957e-01 3.845189872731490932e-01
4.174946295111313654e-01 7.264502079574383098e-01 5.458647540260845865e-01
1.363504901785893841e-01 2.068248471814496392e-01 9.688302361179839117e-01
5.157969027068980417e-01 8.490318264325396047e-01 1.144487346482991608e-01
9.702028497215546832e-01 4.743885885330372670e-02 2.376046823252247753e-01
7.422499129882850766e-02 9.911702528325820882e-01 1.098734752635243672e-01
2.044999333691301102e-02 9.943342312422963625e-01 1.043131552217253788e-01
8.464228197440147872e-01 3.443115855627666422e-01 4.062240050315156226e-01
9.954410497019351434e-01 1.549680995175975809e-02 9.411145227669469315e-02
4.223349792434414884e-01 2.586836828929776066e-01 8.687438733668096935e-01
9.850042278734543189e-01 1.724374192239297165e-01 5.657519139224128496e-03
7.688606004591438392e-01 6.388078177248500689e-01 2.789173847610830828e-02
1.740839022300060268e-01 9.655711084959796020e-01 1.933060511784840396e-01
7.608303159099197854e-01 6.340791434865095111e-01 1.381335230413895665e-01
8.211923290515102947e-01 3.948512064205855210e-01 4.119899070306990430e-01
3.431845980208818037e-01 8.688401451368046313e-01 3.568488950240730762e-01
8.442754282379293373e-01 5.350920861479707691e-01 2.958818371366506161e-02
6.978025151020794681e-01 5.548110532557581909e-01 4.530522542736635794e-01
8.259308478330080749e-01 5.397762748738851868e-02 5.611814771788898870e-01
2.071401698863419572e-01 4.576170400690282025e-01 8.646846793241561580e-01
9.666593136783839801e-01 2.510443733160399454e-02 2.548323733458898732e-01
6.357236076955167237e-01 3.528021009693959598e-01 6.865756856823410637e-01
2.292379760665964883e-01 9.548083187945750616e-01 1.891851598026852155e-01
2.262030120182888931e-02 3.405340924671565461e-01 9.399600277890057809e-01
2.754659527969055208e-02 9.939329800602664244e-01 1.064819995915498585e-01
2.169425078730205167e-02 9.685605841434634655e-01 2.478300916483921756e-01
8.177567041113321666e-01 5.412229341151959527e-01 1.958359223143427141e-01
1.419802463358792177e-01 9.883751515703974588e-01 5.437066680294521531e-02
1.080279080312692985e-01 9.941435516274740314e-01 2.927429572067261673e-03
9.124363148772438592e-01 4.071995987977484743e-01 4.060120727500412391e-02
9.436980782393762368e-01 3.016885216250482782e-01 1.357128330225286506e-01
7.503696801869798039e-01 6.506626527283674299e-01 1.165480819257606188e-01
4.477941787184873679e-01 8.076305144587899720e-01 3.836838876221746464e-01
5.632716915508607231e-02 3.807715393454907393e-01 9.229519406986691488e-01
5.869061594076088184e-01 5.702626618991578633e-01 5.747535615314596225e-01
6.870126808947407682e-01 5.611541992822277614e-01 4.616487202600512707e-01
5.661679036477915705e-01 3.637107816318990161e-01 7.397083021054841057e-01
6.846312721409011370e-01 1.503021413503569659e-01 7.132245701826519513e-01
8.355637765678217699e-01 4.138505911961706113e-02 5.478325037540078268e-01
7.100441196612463646e-01 3.218780507758022269e-01 6.262841755650989661e-01
5.568335729760996999e-01 8.253020587018142784e-01 9.387696154657750036e-02
2.050097401425753363e-01 6.339048132615597853e-01 7.457450597694232908e-01
6.342121175191798299e-01 3.296121822265503098e-01 6.993788667951650329e-01
6.350030509991512473e-02 1.232230579485439348e-01 9.903452878880312227e-01
6.181796504234733369e-01 6.695340531337424794e-01 4.117985812221979791e-01
7.870623187807183063e-01 8.037999255066438642e-02 6.116142273958922182e-01
2.350616900960325328e-01 9.276264262289446449e-02 9.675438460260155082e-01
7.193125052603487335e-01 6.265189300010328699e-01 3.001058981866926989e-01
9.853763543737227293e-01 1.703869205418200028e-01 1.318161381270718975e-03
3.573715165061997490e-01 1.094678649610135862e-01 9.275248706805312437e-01
1.638504176429879111e-01 2.764567437824388962e-01 9.469554949708193226e-01
7.010070182379588566e-01 6.933111678168333292e-01 1.670592259098095389e-01
4.044734743616055783e-01 9.109177638470343785e-01 8.142503328688210917e-02
7.224700048324957935e-01 3.848768518268969041e-01 5.743752266986713595e-01
2.000271495676793354e-01 7.722000783367132248e-01 6.030722829417740627e-01
5.128059838191273423e-01 7.914203696964349222e-01 3.326917813665601353e-01
4.046943782782201349e-01 8.930762003400196658e-01 1.965638842113120732e-01
1.324668942521306791e-01 9.448190187366156678e-01 2.996156600726562202e-01
2.185935342327608444e-01 6.923997205225805862e-01 6.876041694259009684e-01
6.715977591385987600e-01 3.726760019383938416e-01 6.403663385119701124e-01
3.767617230917175153e-01 9.249792345798992788e-01 4.963889210028433335e-02
1.039884655897922727e-01 9.562002813779321153e-01 2.736191165051228835e-01
8.600234792267276440e-02 4.942818633180227905e-02 9.950680632739330456e-01
4.051721423278276113e-01 6.980544427235606531e-01 5.903859162237677927e-01
9.079876170527382273e-01 3.841602865953527846e-01 1.672703245703388297e-01
1.009665697800717077e-02 3.918968843470091445e-01 9.199537431615653071e-01
3.706876563664804891e-01 4.694891599817297978e-01 8.013554704855866406e-01
7.129641071755822290e-01 2.706266818466575574e-01 6.468719973472286666e-01
7.466142855363215869e-01 5.715161607971475100e-01 3.404943267967575626e-01
2.074451509062470445e-01 9.588903737213864131e-01 1.936382207880057160e-01
1.905714588561518985e-01 2.191027800655367605e-02 9.814287843685417512e-01
1.105264797744767574e-01 1.001897109093820570e-01 9.888103554759916092e-01
9.132678047710096614e-01 3.469242333902710640e-01 2.135075948422296976e-01
1.916958379878973273e-01 2.946277612487209763e-01 9.361875816307778653e-01
3.604080265710085107e-01 8.892370764785227921e-01 2.817152395578220170e-01
4.854181399190430901e-01 1.963425789303955560e-01 8.519500109375534036e-01
3.560983307007584142e-01 9.339724802609907783e-01 2.982255836219612627e-02
5.692401050606624713e-01 6.721425950432075025e-01 4.734871009004454345e-01
7.895654157244278437e-01 5.318367084288430080e-01 3.061636324900222084e-01
4.693114920175131544e-01 7.829007890766445099e-01 4.084275675361091484e-01
6.561911238656205070e-01 7.522989417815256763e-01 5.881760922011917969e-02
7.563641381229877503e-01 4.426967227346138012e-01 4.815941260454725259e-01
3.800946447552235874e-01 9.076126750813758859e-01 1.782338157029394465e-01
6.569937769074689626e-01 9.534036396711371986e-02 7.478431600967392345e-01
6.705568560884993534e-01 5.698101266767019446e-01 4.750472842669333229e-01
7.064691524637021214e-01 7.004102185222165211e-01 1.016211710564249859e-01
6.145672407349981325e-01 7.808824533217353370e-01 1.119361456795735649e-01
3.157206862541212522e-01 9.388863707061164687e-01 1.371598745024343036e-01
2.185041789561029124e-01 3.419925374255555206e-01 9.139458562321673973e-01
6.125063023742639834e-03 9.817769227639239205e-01 1.899382992741470710e-01
5.849683916598226174e-01 6.007045225301602676e-01 5.449459215103206189e-01
4.733542176536835178e-01 2.488583155018576354e-01 8.449883569819450768e-01
7.438903741415084370e-02 9.083009085961845086e-01 4.116500097849405404e-01
9.699926160496757932e-01 2.309743781664299611e-01 7.592866019980291925e-02
1.118606853039999516e-02 3.005292549917513295e-02 9.994857145251121455e-01
2.751555318499904756e-01 6.330076660065483418e-01 7.235956937885209550e-01
8.865262138321510221e-01 2.952304763557430656e-01 3.562446322671996568e-01
7.008317870279884287e-01 1.470836871274643076e-01 6.979979908797350197e-01
1.801349557998796480e-01 3.246289186987968978e-01 9.285297318036861425e-01
3.815856855572139494e-01 9.243146330115407094e-01 5.901167560065283778e-03
8.029447497319180949e-01 3.310778498828381156e-01 4.956482484533806243e-01
1.586835536183833772e-01 9.859875814262279992e-01 5.145890675382867180e-02
3.138371652830457825e-01 9.491989097276414267e-01 2.297092638443278337e-02
7.690659581739294204e-01 3.963966004077995597e-01 5.014053122606055846e-01
3.760005477134094609e-01 7.486796051631059434e-01 5.459875794668150872e-01
4.442353609715113949e-01 5.642086967374662088e-01 6.959335389161246388e-01
8.376412793271317270e-01 5.413621960380936571e-01 7.269153917766849049e-02
6.711163087699184571e-01 6.240121337420886372e-01 4.002646087848452661e-01
4.245996322100417664e-01 1.001208093825677568e-02 9.053258587726206175e-01
4.499543774297139476e-01 7.202166326999900337e-01 5.280426689332278212e-01
2.639029169875682299e-02 8.054456598135059098e-01 5.920817862353483507e-01
2.553999338696174570e-01 8.846829115658810805e-01 3.900089995919456820e-01
2.643150654754590767e-01 4.423345919741060173e-01 8.570167179850139982e-01
5.842599488321169321e-02 4.622332487268613899e-01 8.848315245815546737e-01
2.535739872327573766e-02 9.393042904837013429e-01 3.421468284361249279e-01
3.935961165028393355e-02 1.584431158725032873e-01 9.865832960289522280e-01
3.444380555643902775e-01 9.322342949068023188e-01 1.109127823050134048e-01
2.108888945001647849e-02 2.573239009690611034e-01 9.660950619539621087e-01
5.148782573263293028e-01 3.964359684361479230e-01 7.600913781004857706e-01
6.100299783143985355e-01 2.501007263464051777e-01 7.518730293332345216e-01
5.408852728596224013e-01 2.261430968367815764e-01 8.101249418186319273e-01
8.357343417019732490e-01 5.096611642048415325e-01 2.044348497720843982e-01
5.340055212841312571e-01 1.538351210028779115e-01 8.313680645683313442e-01
5.618351668878578398e-01 8.143603289242230536e-01 1.454596161225656381e-01
4.650249769535402811e-01 1.221852049759564705e-02 8.852132390369054082e-01
1.636313827677948196e-01 2.501558057405585678e-01 9.542781792683889819e-01
5.173265656985443633e-02 8.101404139041404884e-01 5.839488350904156189e-01
7.034108531494401850e-01 3.215420361685522033e-01 6.338958042518960667e-01
6.603136477348545696e-01 6.842020106954112002e-01 3.096021562835874485e-01
7.320371478680715027e-01 6.372963255126696813e-01 2.407799983994285131e-01
9.010119298625053619e-02 1.682805577079079379e-02 9.957904355643457661e-01
1.583346738909717222e-01 4.151267552443387299e-01 8.958794049000939896e-01
1.920133756677175896e-01 9.268558707370613825e-02 9.770057551076607449e-01
4.951976694033432547e-01 8.682295658878701472e-01 3.093039177989453589e-02
5.232171730883194982e-01 8.467669640521058305e-01 9.607027831461371903e-02
8.716000772598663238e-01 4.455598351240583899e-01 2.044253864979032054e-01
3.212253974332427431e-01 9.441488651857518066e-01 7.346539601957031984e-02
4.951516185818349153e-02 5.924407623461718231e-01 8.040909101941425829e-01
5.959540318096731015e-01 1.210620950705758175e-01 7.938405136467387990e-01
2.934277017456404790e-01 9.324777570711927366e-01 2.106784669009844901e-01
1.299302442102738542e-01 2.078287204553669054e-01 9.694974752898243286e-01
3.194564245545720160e-01 6.196800877673801500e-01 7.168990037902276402e-01
1.241421323627383416e-01 4.041916377011428030e-01 9.062107100365237589e-01
2.565726437405588603e-02 4.463397642084778183e-01 8.944956789561144817e-01
1.743148071957637546e-01 9.300951292408442539e-01 3.233224374440489268e-01
8.341515238598408433e-02 9.665803598592191959e-01 2.424135315671248347e-01
7.339253016407356611e-01 6.309561312764674357e-01 2.514915744437346556e-01
5.829544015791161549e-01 3.777056430060728998e-01 7.193765446001860742e-01
1.185678600840922581e-01 8.569714464487249161e-01 5.015392332875457937e-01
1.302054111758652877e-01 7.452625938520003324e-01 6.539344134586527746e-01
4.330556254934708194e-01 8.773181372017357926e-02 8.970874840782405713e-01
8.394446048137884642e-01 4.078990096033536794e-01 3.590976934117315333e-01
8.058023638075073602e-01 5.076183417894239991e-01 3.049691288658394339e-01
2.888518486933063789e-01 8.918702055981121424e-01 3.480404371231025640e-01
4.343266350263663145e-01 8.112546484056996077e-01 3.914412721556304597e-01
6.012879670836546175e-01 6.097505843285789817e-01 5.163884250749259941e-01
9.667995282630118536e-01 2.545659635114286279e-01 2.224505275147413419e-02
5.055005280864306033e-02 8.387472028555547077e-01 5.421695508445919520e-01
6.144121873678526358e-01 2.058773492746020783e-01 7.616509575058081349e-01
3.839530136479533950e-02 9.846455208886708554e-01 1.702909246759334028e-01
6.014432623295865588e-01 7.804791776733986941e-01 1.706407202768427667e-01
5.460995132070788349e-01 5.094702841776813651e-01 6.649927452347914603e-01
4.076664133607447171e-01 6.602965766819298699e-01 6.307269823304776368e-01
2.128415262589809509e-01 7.942910334488142432e-01 5.690344795199693273e-01
7.466035832881635637e-01 1.688905319698845720e-01 6.434742245282273343e-01
2.837896611719935569e-01 3.735527727110175000e-01 8.831317875672893836e-01
6.212205881556276399e-01 7.051153270206083068e-01 3.419025540299410748e-01
9.490608124668107326e-01 3.120557385651004934e-01 4.364390299259157668e-02
1.798168349814127306e-02 3.835872385835180642e-01 9.233295670855795612e-01
1.804951312801786611e-01 9.498489221619351719e-01 2.553596143714999545e-01
5.749737739495778266e-01 1.619459175309572174e-01 8.019842137257042758e-01
4.142386052268890589e-02 4.675395401178137345e-01 8.830010431510373348e-01
9.433063191601153141e-01 2.719010933555035536e-01 1.903759009556526272e-01
9.400593462198412187e-01 5.477698304874415586e-02 3.365826907504341770e-01
6.169348498823176152e-01 5.643049301329474687e-01 5.485903178404916147e-01
6.880530091931654768e-01 2.198235231285125546e-01 6.915639342964597924e-01
5.865219962391323705e-01 3.331127694838785236e-01 7.382600021228589160e-01
1.939055258650164704e-01 5.556864733136775980e-01 8.084634750037993367e-01
2.169331128783280604e-01 2.550624201970797533e-01 9.422755363162768072e-01
2.756017096074983019e-01 5.068925944271868156e-01 8.167641002004799589e-01
6.535342387361510186e-01 1.691031850617871202e-01 7.377649433264760193e-01
8.079629723558039434e-01 5.017547170367132603e-01 3.089304763751582472e-01
3.977188471916759394e-01 9.173871977257507249e-01 1.484749263070525745e-02
3.236011745276328178e-01 5.133580598632150327e-01 7.948243719324491474e-01
7.635650942808890340e-01 1.514296012823233006e-01 6.277240019716415764e-01
1.198478497384887348e-01 6.353948223400656126e-01 7.628301990983951120e-01
1.742539776739691071e-01 3.637331675243639095e-01 9.150594156159986836e-01
2.324891199222201832e-01 8.083272306152471387e-01 5.408843659819321248e-01
5.139220277136267168e-01 8.562615767004962963e-01 5.196404234751529627e-02
7.267010580176227474e-01 6.005578280214931564e-01 3.335204153843873143e-01
1.669301586323048425e-01 9.698825186804537202e-01 1.773759343796469101e-01
7.796449641517039231e-01 5.990033826871110634e-01 1.826162024637649484e-01
4.733887716039426041e-01 5.346620259998143831e-01 7.000282771953458827e-01
3.393367204589610719e-01 6.104425009384242262e-01 7.156888592092229828e-01
8.355509395844816778e-01 2.409596845714092606e-01 4.937540458272081656e-01
5.298149293827896233e-01 5.949562866236496328e-01 6.044196866500192167e-01
4.036006925068928997e-01 6.308962422674736503e-01 6.626284120838298319e-01
4.611704809503903713e-01 7.938690350507324744e-01 3.963505300710532531e-01
3.220072477985262971e-01 1.467645384796464059e-01 9.352922017263239907e-01
3.662135678214053502e-01 9.294436573698591220e-01 4.496788318852373151e-02
9.734518882963286712e-01 2.210305245140873898e-01 5.947208088960162509e-02
7.832466489594273051e-01 6.037469948651177365e-01 1.483720091026853871e-01
3.029972133479973406e-01 8.915671672972524942e-01 3.366016561172883725e-01
2.885269142344056292e-01 9.038491382858953038e-01 3.159255529111507088e-01
4.240718248928307954e-01 3.398694681377576465e-01 8.394354245323591979e-01
4.219284427258960246e-01 7.454558835865635613e-01 5.160154211310705730e-01
4.351290832593688873e-01 6.514576310195414610e-01 6.215027239588479802e-01
5.659281315433611903e-01 7.465952179034546221e-01 3.497440929187128900e-01
9.111567606819320764e-01 4.083984943259932332e-01 5.480900743372376510e-02
5.222063154216055603e-01 4.416577575116040211e-01 7.295471125044712402e-01
8.114631278549419013e-01 3.330130971379235416e-01 4.802393874584655054e-01
2.896548707087095997e-01 9.051358258378180421e-01 3.111738945663851674e-01
6.216990783024969186e-02 9.950975743746465207e-01 7.691371811369633604e-02
3.051634718853701508e-02 1.558138585616600236e-01 9.873149416647131194e-01
9.697443100360600976e-01 1.098679182854183645e-01 2.180023249516263861e-01
3.765428453523580478e-04 9.446724314775930553e-01 3.280150231646377090e-01
8.902428938191631058e-01 4.066281570630606579e-01 2.052343340866269739e-01
1.517682660359202518e-01 9.857218417180149128e-01 7.293040644679628370e-02
6.846131571548906836e-01 4.527522259565267548e-01 5.712444721323990393e-01
9.918187487266041380e-01 7.580397244726472250e-02 1.027099188764539345e-01
9.245608913956305797e-01 1.541552545844859234e-01 3.484584847377221184e-01
5.249661881368004046e-01 7.722807925431089959e-01 3.577609240569813442e-01
5.627326332604049020e-02 9.958371601857002320e-01 7.170544071350705428e-02
6.861328486788726977e-01 3.920814106204340010e-01 6.127755554929602555e-01
6.949229248896248157e-01 3.931573239108088202e-01 6.020875742930923424e-01
4.973795635725638542e-01 7.514346366228947804e-01 4.335430274191753863e-01
4.134861109514502697e-01 4.716686618362426198e-01 7.788182775794704193e-01
4.701021016563091681e-01 5.370425405547190056e-01 7.004208189744606239e-01
1.710345130504987710e-01 9.850817451852331708e-01 1.900396401790990092e-02
6.714841199809031824e-01 5.966982649842903497e-01 4.393862277976056663e-01
7.635576452051264784e-01 5.931014459900473268e-01 2.553632651994350855e-01
2.016342252460183102e-02 1.532337488999051256e-01 9.879842380271940394e-01
7.213488040770346110e-01 1.367495596962334525e-01 6.789370079613558095e-01
4.417467830934510564e-01 2.112690962808237705e-01 8.719089107144574191e-01
8.006830425376409988e-01 1.954446362465000753e-01 5.663109212748237420e-01
9.021590133930992295e-01 3.466712124368296899e-01 2.567648438185574644e-01
3.971187517545789469e-01 9.090909700702256568e-01 1.258979949866602943e-01
1.665914271669270696e-01 9.238104149706588553e-01 3.447051110532385332e-01
2.194351439291584438e-01 3.259583421916381618e-01 9.195647757305998038e-01
4.148052513722735313e-01 4.263323520729972449e-01 8.038515590641662767e-01
2.582885845606291975e-01 8.045121575332184749e-01 5.348338017243416953e-01
7.471483516287152904e-01 6.410004610790549506e-01 1.757491096846087730e-01
7.817910307151801907e-01 2.954823977947303448e-01 5.490837248423712236e-01
2.965746939772543334e-01 8.458544075666459827e-01 4.433664083942042700e-01
3.395455474513809913e-01 9.181842724458546545e-01 2.040746506526925075e-01
7.678806910688440457e-01 5.032298757029193270e-01 3.963823110125614391e-01
8.446722613072339403e-01 6.858357910270132529e-02 5.308719842444009629e-01
5.086064244822282587e-01 6.394509113289804925e-02 8.586212962042163443e-01
9.360803684615963682e-01 3.483771973435665914e-01 4.885562559054416193e-02
9.668872485988192489e-01 2.139124692828730523e-01 1.391779579614133566e-01
1.556199834337350374e-01 9.661420928780094508e-01 2.057957169753146243e-01
6.160706407419271891e-01 2.301727774326769727e-01 7.533109969625816360e-01
2.282810950704312614e-01 6.353827822272701820e-01 7.376831716140596074e-01
4.229351792591634074e-01 8.629468834009910161e-01 2.764932378441389282e-01
2.120054709117092095e-01 8.123299320304218085e-01 5.432989617429381246e-01
1.586736403661750394e-01 3.357134722883129974e-01 9.285037104810458519e-01
3.317884710695571115e-01 3.524929913987713548e-02 9.426950182192929129e-01
9.610789855693462336e-01 2.194994200893619907e-01 1.677712373365297938e-01
3.068036341210651496e-01 1.220270506176903552e-01 9.439178613670021756e-01
2.941029202656267882e-01 8.951761826505542086e-01 3.349075608379307178e-01
5.165576883600553337e-01 8.429080248607971892e-01 1.505796009470928010e-01
2.703713223251102277e-02 9.983668088873951518e-01 5.032602102929618210e-02
6.997866404938372920e-02 4.879350698161283861e-01 8.700703156764936219e-01
1.129383104463424076e-01 2.686129963483175342e-01 9.566044094746293247e-01
7.792818416416030791e-01 6.192864122931930337e-01 9.593826575822932134e-02
3.275855054403716826e-01 2.311130470888869692e-01 9.161192586615926059e-01
6.663015109810244141e-01 5.765073136972181933e-01 4.729499061401969406e-01
2.980105875268611593e-01 8.734519202398814963e-01 3.850602975524206051e-01
8.549220827594484762e-01 1.071308247654484541e-01 5.075738555080645531e-01
9.559260461521204011e-01 2.041095174667527379e-01 2.110561516930110626e-01
1.012701599727415941e-01 9.559672945976951941e-02 9.902553307181390929e-01
3.260720353870421584e-01 6.942770684461422315e-01 6.416045354954891256e-01
6.533817503483584366e-01 3.817780117741405577e-01 6.537108214168553255e-01
4.275871252335951556e-01 1.436926211292906264e-01 8.924806333850969775e-01
9.977899427038938729e-02 7.420404445761067391e-01 6.628877211984572915e-01
8.925107139216903462e-01 1.018231553050239352e-01 4.393821464041562375e-01
3.010727330112849057e-02 4.495777727262025292e-01 8.927336547733137895e-01
3.735606708765958905e-01 4.315772764339629863e-01 8.210928568926113558e-01
9.060878900469830910e-01 3.275321734893533177e-01 2.678197357170420956e-01
3.262369535888357541e-01 9.220813076692221388e-01 2.081718332534279459e-01
4.400720738658263353e-02 8.869380675346482112e-01 4.597871573412397606e-01
3.464597276094933398e-01 8.576621742421971506e-01 3.799753308030699994e-01
2.553291125286027974e-01 2.209093097754604162e-01 9.412789815723527909e-01
9.866380188255375883e-01 8.328277730267091838e-02 1.400335631653059076e-01
5.101083464759457176e-01 6.916340484748157991e-01 5.113040366024040884e-01
7.606532186427031883e-01 5.546150513944031468e-01 3.373556368808432460e-01
2.973128701616695180e-01 4.012376842837194202e-01 8.663794653307916871e-01
8.646005880062409554e-01 5.008489174871705307e-01 4.020180432756197131e-02
3.712450832105615994e-01 7.878503206596766395e-01 4.913949129045069864e-01
3.991521792150409809e-01 8.388858280542837997e-01 3.700650014761763251e-01
9.532416270094452582e-01 2.743836600160409755e-01 1.266649424765485532e-01
6.847073665306677714e-01 7.246200586869815385e-01 7.811269274012490327e-02
7.317393892155997781e-01 4.622505624426994641e-01 5.008811074414657449e-01
8.944752753256640654e-01 4.471155893855036090e-01 1.277325146992040880e-03
4.749711543458051688e-01 7.467181805942753048e-01 4.656332905939916111e-01
6.652968648269406149e-01 5.843918155406355730e-01 4.646141276162008560e-01
3.600703451492830998e-01 9.190735904002004242e-01 1.601657952652842387e-01
8.613066511321352259e-01 1.241084223638280748e-01 4.926945830977929597e-01
4.087723784303783914e-01 7.157367222483793645e-01 5.662385425397300498e-01
1.736112668820615490e-01 9.827602532965379334e-01 6.357210514156536041e-02
7.990507028289047797e-01 3.964316444848878240e-01 4.520618603240497690e-01
8.357111077632082274e-01 4.577983089126422267e-01 3.033276326316418081e-01
7.305686649969318491e-01 1.997199710704303938e-02 6.825471009799668476e-01
6.919717810996405261e-01 4.829811270188099082e-01 5.365671301015666472e-01
5.923265223450640410e-02 1.725509845164091838e-01 9.832180076929448731e-01
4.594436626291621695e-02 9.000826392062301062e-01 4.332901542941476336e-01
6.932349797842645156e-01 6.563781529984710206e-01 2.976457341703823145e-01
4.401845861614680500e-01 8.333104354679312653e-01 3.344117944183545021e-01
9.076036436551434550e-01 2.105073455072711264e-01 3.632386041039551983e-01
4.664255891714188529e-01 8.129073694855996068e-01 3.487531769061001929e-01
3.192622764483252773e-01 7.446459164080807547e-01 5.861519069437569618e-01
8.850429366473483439e-01 1.929060255639465371e-01 4.236581942931822442e-01
7.989224865435136380e-02 7.075110523766672266e-01 7.021718730978990797e-01
1.354168312222187587e-01 3.179234046114004508e-02 9.902785107785263552e-01
1.274769121390765536e-01 4.420073571078857455e-01 8.879071647047274141e-01
4.416454926180753415e-01 8.569566404414947769e-01 2.656587571554230309e-01
8.360089064160376449e-01 5.459378493818599631e-01 5.514501795602582551e-02
2.208246938751483035e-01 4.148726737028181066e-01 8.826761122799359205e-01
7.202628707359040039e-01 2.594654678029172379e-01 6.433498799697469073e-01
7.516532206231856250e-01 5.486989994446367369e-01 3.659874915010717378e-01
3.041850883845822473e-01 4.864056246850172460e-01 8.190732569674351593e-01
3.266721244214952358e-01 6.053793657901193059e-01 7.258106823418211118e-01
8.012385706715907663e-01 9.664086221498739693e-02 5.904890317512172526e-01
9.396363654661118447e-01 3.211545504576984178e-01 1.180815625487275644e-01
5.321808798313720779e-01 8.008565269924914354e-01 2.746130629002046519e-01
7.129129634062332244e-01 3.438665465251520281e-01 6.111553851421159811e-01
3.664839144961480333e-01 8.602140772644834010e-01 3.545719696924637399e-01
3.582345614280758039e-01 2.599794634630452350e-01 8.967043423425031801e-01
3.825309004575928595e-01 9.220602070416432650e-01 5.894984974896205071e-02
1.780788752494455451e-01 1.709835402724627640e-01 9.690472347340906012e-01
9.629724518766926700e-01 2.583743948319910944e-01 7.698525197590229407e-02
3.184108980599209549e-01 8.207855329752722362e-01 4.742632273908369278e-01
1.590573523860788485e-01 9.868245678361762252e-01 2.963158731615403094e-02
3.246932271060283814e-01 5.725101030851522665e-01 7.528655192907305338e-01
6.871112817842440768e-01 2.760582869201039791e-01 6.720639170998177203e-01
2.842024810996807149e-01 2.201441359388466579e-01 9.331481710578037880e-01
2.447837348229321697e-01 7.941026350760046482e-01 5.563109994701546102e-01
5.979743923202395228e-01 1.548096211618814610e-01 7.864226645544716288e-01
9.631550133816914050e-01 7.178075044020182371e-02 2.591909413231011095e-01
6.583137924114988992e-01 5.424708141061955757e-01 5.218700667443489927e-01
2.773433968549879891e-01 8.092569946652617974e-01 5.178646124290453567e-01
1.227115847062270199e-01 9.717195143729868700e-01 2.017499748837974782e-01
5.484482151750661449e-01 3.243138457549116782e-01 7.707302282400396720e-01
2.217487640754578770e-01 8.136465404825938830e-01 5.374074737028817772e-01
1.359662668589314005e-01 3.511396441939599877e-01 9.263984696402433050e-01
5.952458156302208314e-01 6.304885608290964338e-01 4.981632198771483444e-01
5.994071990407142669e-01 7.241371889756439417e-01 3.410811359202065574e-01
9.053210744702578916e-01 3.740433025983169180e-01 2.012097410697642474e-01
6.744455922428062022e-01 7.382957426026858228e-01 6.522235736222931936e-03
3.378516550053926037e-01 4.571749446142061024e-01 8.227073168673746384e-01
7.728383111336740718e-01 5.020973116092839472e-01 3.880969395895563778e-01
5.997508681271236375e-01 6.782789191130711437e-01 4.245428177081378429e-01
2.498471064232100913e-02 4.041174780989609805e-01 9.143658065178593697e-01
8.246365649179029367e-01 7.437355637724767099e-02 5.607522714284814969e-01
4.447186225340078458e-01 8.655381858828972153e-01 2.303670886867258960e-01
6.642063022298144714e-01 1.329764359017407971e-01 7.356271172088930665e-01
1.148770422919452167e-01 1.065402932475371378e-01 9.876499537128441419e-01
6.150651823729035295e-01 7.170242581555470451e-01 3.279802351500381574e-01
6.875345910188740417e-01 7.184484589961709355e-01 1.054893260881743372e-01
7.453707100867957847e-01 4.570938319752140822e-01 4.852707834961017541e-01
8.354194400318094849e-02 5.580229003452474856e-01 8.256095846599937893e-01
6.996980671775576699e-01 5.209323948738475707e-01 4.889294987613119203e-01
6.859571793740429912e-01 6.076282960306509384e-01 4.003131298472417665e-01
1.249366396532897716e-01 4.639315941863760839e-01 8.770167113503776202e-01
5.565672511512967935e-01 8.151818222773973277e-01 1.603480326489576668e-01
4.774528001576062164e-01 3.390845404786713146e-01 8.105926831831318236e-01
1.086758699732407185e-01 7.808632255910148423e-01 6.151765423072917960e-01
5.278251978942571920e-01 6.506807752567622671e-01 5.459075830020564402e-01
3.872921098003631046e-01 8.420760430982281441e-01 3.753834830229144104e-01
2.864433205365744528e-01 6.528650758784701469e-02 9.558702297105832191e-01
1.440584796851565319e-01 2.412593585147319031e-01 9.597088497871952839e-01
2.665157402418469879e-01 5.761426194992169680e-01 7.726765443572884973e-01
3.955201287802884713e-01 7.042526878374499866e-01 5.895693168774569504e-01
5.811547964129647886e-02 9.982979969099176065e-01 4.868304808495531322e-03
7.653324287538139092e-01 3.441093079435481594e-01 5.439255994016098938e-01
9.354957848768276352e-02 7.908904884457713669e-01 6.047650053126304437e-01
1.660409088401176569e-01 7.191051459017488989e-02 9.834934135432346070e-01
7.272203865786259769e-01 1.843001730621176837e-01 6.611988774595033425e-01
9.041253841582906903e-01 1.970304275498573343e-01 3.791257051957088176e-01
6.805780289743812439e-01 5.012910704424552444e-01 5.343414724424856432e-01
7.345614079073686797e-01 2.087943201290166917e-01 6.456194466518229147e-01
9.377497283567276520e-01 3.299909128036039307e-01 1.083117926817191295e-01
6.717872800218415152e-01 2.487418385410542498e-01 6.977315731426178003e-01
8.138242943624683923e-01 1.982854772390815756e-02 5.807726290043213613e-01
8.498278350105146206e-01 2.887183876995736975e-01 4.409470982391201499e-01
3.675802683600495335e-01 2.891744755516623133e-01 8.838907562599436218e-01
5.521538957669064329e-01 8.336702102355917354e-01 1.095700484497266064e-02
7.684266648557966928e-01 3.434194706508094108e-01 5.399847478554511415e-01
1.982584832632925398e-01 8.862004402974502648e-01 4.187390039520370588e-01
7.762916362996858943e-01 5.592750225687025400e-01 2.908311271888439076e-01
6.373532880187725569e-01 5.332380197321059390e-01 5.562715169445958674e-01
8.991012576068860840e-01 2.942177866298988920e-01 3.241185317138148836e-01
4.683689882829902840e-01 8.746865224206739065e-01 1.247155896846741940e-01
6.464919980155641177e-01 1.935284637555468867e-01 7.379666863878490135e-01
7.446225800810165607e-01 6.630323123460439838e-01 7.697639910094541960e-02
6.140572087503742837e-01 7.628464997204000841e-01 2.024820047461822203e-01
2.273934768301115114e-02 9.357765180441564024e-01 3.518596742227019791e-01
8.767735865616007596e-01 3.372460650562337237e-01 3.428311093118502906e-01
5.008891962292916222e-01 6.184159644944737799e-01 6.055342335154503264e-01
5.332127011671829175e-02 5.722773473231564934e-01 8.183248009769173992e-01
1.173282590643907608e-01 8.030437390651817831e-01 5.842557939576904502e-01
5.944731329969775713e-01 2.539036173457064893e-01 7.629774880319357688e-01
5.088478465859416766e-02 9.586451320375749541e-01 2.800183020998966432e-01
7.982649743121003061e-01 5.972353820668765412e-01 7.799313555649454999e-02
3.458105165600467434e-01 6.361574796977260693e-01 6.897236748590779287e-01
4.776231861783811206e-02 2.585913262267661161e-01 9.648053103712324052e-01
5.893895303290511839e-02 9.026073014597422173e-01 4.264109041370155451e-01
2.870962919639646893e-01 1.049729314689211573e-01 9.521325552670506509e-01
7.178923213300253403e-01 6.955813796506821189e-01 2.823400890134862909e-02
9.402033822331825608e-01 3.347448598320498236e-01 6.295616612616396213e-02
2.909308468770727130e-01 8.380099691960464225e-01 4.616259674925477507e-01
7.560516990098428702e-02 5.471145764965346103e-02 9.956357339338988144e-01
8.663540811180269197e-01 4.103566744310176428e-01 2.846717511100370079e-01
3.200400253404231954e-01 9.440008705139824041e-01 8.022928797480828600e-02
6.266641985404325377e-01 9.629810890974876969e-02 7.733166599059427826e-01
3.012322309274544918e-01 7.197945384513251832e-02 9.508302168497934082e-01
4.046308269848091221e-01 7.290926307783786031e-01 5.519944108396862559e-01
3.058644644706688398e-01 8.916537048487946926e-01 3.337672842018662434e-01
1.312123022462861055e-01 8.443914545058599508e-01 5.194096680816669975e-01
8.133021403893060386e-01 5.234042067463118286e-01 2.541410332835644104e-01
4.092526536614508603e-01 8.568175580363105448e-01 3.136493865955326532e-01
5.157143176576436394e-01 6.862789593918054987e-01 5.128936853374308491e-01
5.761145995912608309e-04 3.667727899382394741e-01 9.303103722161158995e-01
5.056523081380391860e-01 3.243576980679141464e-01 7.994421973968832695e-01
2.109931135722407092e-01 9.747753957966168725e-01 7.276560846059364207e-02
6.446277987000378351e-01 4.787373326815363428e-01 5.960415819723583475e-01
4.025134118408599249e-01 8.689274397362123370e-01 2.880070446390177730e-01
7.396419244267455895e-01 5.370611107009257701e-01 4.055800623834806551e-01
9.754978436441408274e-02 2.740683670851533082e-01 9.567500037803678969e-01
8.599446960695067421e-01 4.355581790419190691e-01 2.660529879020556154e-01
2.633256464262927476e-01 5.361595580612771306e-01 8.019928504879023645e-01
4.281140067919305126e-01 6.137853681383593774e-01 6.633143440690979498e-01
8.266494738327555547e-01 8.908722669997187760e-02 5.556204760904123185e-01
9.160234966855803629e-01 1.445156612380345262e-01 3.741873557148294727e-01
7.393454853764045431e-01 3.571367331287157720e-02 6.723784550326031839e-01
5.377224783836715566e-02 3.286900240981797117e-01 9.429058348640904086e-01
9.668252643007217706e-02 6.958688819435532302e-01 7.116312164497337056e-01
9.334906459166493198e-01 2.622483570203330006e-01 2.445833461751899529e-01
2.380223910518562136e-01 4.019770136548052042e-01 8.841718282387884820e-01
4.055479764956241295e-01 1.874083900903322428e-02 9.138816223743324585e-01
2.407838901633538309e-01 8.423125070946807513e-01 4.822165059697516298e-01
9.765406053925236307e-01 2.152916726571769968e-01 4.235764875242555016e-03
5.479305040698048135e-01 7.759121316612040964e-01 3.126220188194935856e-01
8.982939802856934053e-01 3.343765555821552882e-01 2.850618249774948820e-01
9.673220106470398205e-01 1.223536863920815683e-02 2.532556484503968863e-01
7.418829590966296017e-01 5.807141524011736333e-01 3.352323794072034624e-01
6.509048359700129183e-01 5.517388223054128099e-02 7.571517266905366528e-01
5.902470848254081082e-01 8.063707051412447591e-01 3.707647158399964005e-02
9.242732405387867056e-02 8.136633986123518181e-01 5.739416900059068904e-01
5.012162042317934718e-01 4.774393247855772127e-01 7.216883037459905781e-01
1.706993789883012591e-01 8.210870916047651180e-01 5.446812921452658385e-01
7.807718572762487597e-01 4.174707396461365683e-01 4.648800796169962335e-01
7.102575484838848929e-01 6.231018866372236564e-01 3.275335916983087015e-01
3.882426924186844208e-01 3.402331723013099496e-01 8.564513998174547726e-01
8.868990857376853887e-01 2.491353062014806108e-01 3.890264912850438517e-01
8.319482528037447366e-01 5.088265476335477322e-01 2.212637545557818997e-01
3.713170814276293696e-01 7.734399568292593674e-01 5.137258590143389814e-01
9.280432875111351843e-01 1.987140657382401310e-01 3.150371035025920641e-01
2.600372819005298264e-01 4.969084568702807347e-01 8.279266860734594280e-01
6.649417149227688784e-01 4.500413717488884607e-02 7.455381568992368591e-01
5.650134162072107946e-01 3.630112315663142630e-01 7.409336578011320729e-01
5.707745783673742190e-01 8.029161198540889499e-01 1.718781113696578045e-01
4.694951819292638162e-01 7.935350448951850044e-01 3.871387434349657930e-01
4.202150319386283583e-01 8.731116039621360514e-01 2.471749460594331038e-01
4.465734258585301597e-01 8.710435212787552839e-01 2.045858239352925656e-01
7.615946771485122557e-01 4.500201510795842630e-01 4.663211461657746359e-01
1.184272982805158886e-01 6.239329970733206165e-01 7.724523222730845795e-01
8.887862944525410924e-01 2.621434938032370932e-01 3.759517408524037929e-01
2.600035434521492106e-01 4.825676333853615718e-01 8.363770899547510185e-01
6.175085635258984462e-01 4.266180390666530209e-01 6.608178438231712137e-01
4.064253388667525835e-01 8.978482524595956527e-01 1.693722512169443251e-01
7.731333980303426445e-01 6.315227578909239359e-01 5.868351656042109649e-02
4.080930478331822042e-02 6.896053138834424834e-01 7.230346545683828952e-01
5.653490967288913316e-01 1.182751572538498497e-01 8.163279892325167042e-01
1.343361637170971401e-01 8.336877008046281734e-01 5.356478438721340440e-01
9.789460028309669992e-01 2.004572689989445600e-01 3.849164645422525899e-02
9.634328009728437836e-01 3.008002808350680735e-02 2.662563237185479603e-01
5.856067655845426101e-01 8.089172439940218728e-01 5.213068645938345735e-02
9.424616328755656136e-01 2.101846066281470859e-01 2.599778869328957520e-01
6.186365345653987990e-01 7.745019085478231924e-01 1.320440523336572636e-01
1.385184094217186412e-01 2.469606130374558256e-02 9.900518950072055846e-01
4.820159951386362440e-01 1.970322358470301127e-01 8.537206091383939821e-01
7.668624806976356290e-01 6.246816827037959818e-01 1.472913133644424000e-01
8.630160433004786524e-01 2.836088362355505127e-02 5.043797867540665836e-01
7.133363040273832389e-01 4.497275857334138149e-01 5.374908520030342585e-01
3.109322210823870503e-01 3.045997410209005385e-01 9.003000342456807248e-01
9.931542041173208046e-01 7.934268628623927788e-02 8.572902062297485526e-02
3.829254713936757759e-01 9.235367868744851494e-01 2.116333261759921133e-02
3.443683925813608160e-01 4.421275291148829001e-01 8.282111193347371225e-01
1.445132913527677754e-01 6.454766119347796760e-01 7.499839012056113141e-01
2.687747768106940049e-01 8.803749621858684149e-01 3.907685316227399452e-01
2.913829900849485566e-01 5.507510945591468504e-02 9.550197303760660228e-01
4.138135477600859979e-01 7.355392093651519358e-01 5.364144099264094301e-01
1.525167216108199442e-01 8.860889324568259617e-01 4.377042990497238550e-01
9.453481672082970633e-01 9.168694411928413057e-02 3.129062911383869716e-01
8.290591064475979488e-01 5.588779918309458861e-01 1.778730624123675899e-02
6.645548217727854645e-01 7.209291517924051318e-01 1.965401917024216238e-01
